0 Parameter containing:
tensor([[ 0.3200,  0.2182,  0.0463, -0.2901,  0.3342, -0.3750,  0.2822,  0.3415,
          0.2032, -0.0770, -0.0530,  0.2479, -0.3613, -0.0878, -0.3243, -0.1039,
         -0.1606,  0.3122,  0.2320, -0.1157],
        [ 0.3486,  0.1415, -0.3823, -0.2449, -0.2872, -0.0347,  0.3748, -0.0648,
         -0.2273, -0.1619,  0.3049,  0.2541,  0.1925, -0.2134,  0.0853, -0.3520,
          0.3483,  0.2496,  0.1960,  0.2200],
        [-0.2279,  0.0744, -0.0625,  0.2067,  0.0661, -0.1018,  0.1083,  0.3753,
         -0.2710,  0.0784, -0.0751,  0.3255,  0.1335,  0.0722,  0.1819, -0.2306,
          0.3006, -0.4002, -0.3388, -0.3864],
        [-0.0451,  0.3227, -0.2857,  0.2896, -0.3194, -0.0363,  0.3944, -0.3330,
         -0.3015,  0.3841,  0.2427,  0.3164,  0.3821, -0.1641, -0.1946, -0.3839,
          0.1813, -0.1763, -0.0759, -0.1788],
        [-0.0083, -0.3993,  0.3711, -0.2333, -0.3948, -0.1780,  0.1099, -0.0202,
         -0.2101, -0.1780,  0.2468,  0.1272,  0.2668, -0.3153,  0.0917, -0.3486,
          0.1559, -0.3076,  0.0094,  0.1154],
        [ 0.1052,  0.0846, -0.1694, -0.1908, -0.0235, -0.3817,  0.1331, -0.3734,
          0.3292,  0.3819,  0.2182,  0.0515,  0.3002,  0.1388,  0.1639,  0.3421,
          0.2486, -0.1269, -0.3638,  0.2768],
        [-0.1418,  0.1910,  0.3611,  0.3459, -0.0294,  0.1116, -0.0437,  0.3737,
          0.0100, -0.3791,  0.2882, -0.1699,  0.2749, -0.1400,  0.3935,  0.2378,
         -0.0927, -0.3859, -0.4016,  0.2534],
        [-0.2356, -0.1457, -0.3969,  0.1747, -0.0322,  0.1673,  0.3067,  0.0686,
          0.0918,  0.2330, -0.0001, -0.1822, -0.3861,  0.2231, -0.3494, -0.0596,
         -0.0428, -0.0939,  0.0660,  0.0904],
        [ 0.0576, -0.2264, -0.1098,  0.3838, -0.3463, -0.0603,  0.0931,  0.0477,
         -0.0045, -0.1745,  0.0725,  0.1593,  0.1911,  0.3342,  0.2107,  0.3827,
          0.0532,  0.1647,  0.0412, -0.2578],
        [ 0.2997, -0.3440, -0.0810, -0.2562, -0.0841,  0.0266, -0.0327, -0.3342,
          0.2683,  0.1559, -0.3735,  0.2915, -0.2433,  0.1009, -0.2137,  0.1667,
         -0.2702,  0.1343,  0.2405, -0.1109],
        [ 0.1465,  0.3398, -0.3640,  0.2710,  0.0404,  0.2736, -0.2394, -0.4057,
         -0.3405, -0.2536,  0.1100,  0.0363,  0.1141, -0.2003,  0.0130, -0.3444,
         -0.0464, -0.1730,  0.3517, -0.1372],
        [ 0.2432, -0.2303, -0.0607, -0.0881,  0.1132,  0.0958,  0.1207, -0.3693,
          0.1568,  0.1828,  0.2461, -0.0303,  0.3397, -0.2524, -0.4012, -0.0008,
         -0.0510, -0.1395,  0.0736,  0.2646],
        [ 0.1343,  0.3807, -0.1769, -0.0693, -0.2084,  0.3137, -0.1347,  0.2929,
         -0.3450, -0.0386, -0.1535,  0.2931, -0.2599,  0.0329, -0.2784, -0.2289,
         -0.3306, -0.0956,  0.0949, -0.0629],
        [-0.0371, -0.1659,  0.1918,  0.3167, -0.3270, -0.3747,  0.3665, -0.4014,
          0.2993,  0.3284,  0.0545,  0.3635,  0.0365,  0.2220, -0.1975, -0.1307,
         -0.3291, -0.3876, -0.2372,  0.1265],
        [ 0.2095,  0.1465, -0.3470,  0.2202,  0.2016,  0.3303, -0.3595, -0.3430,
          0.3496,  0.0148, -0.1493, -0.4017, -0.3292,  0.2124, -0.3248, -0.3179,
          0.3709,  0.3171, -0.4036,  0.2995],
        [-0.1333,  0.1282,  0.1883, -0.2340, -0.2966,  0.3905, -0.2890, -0.0194,
         -0.3715,  0.2271,  0.0973,  0.0508,  0.0238,  0.2900,  0.2674,  0.3959,
          0.2574,  0.1729, -0.2474, -0.1744],
        [-0.3385,  0.3286,  0.3084, -0.3905, -0.0352,  0.2493,  0.2434, -0.2073,
          0.1109,  0.2016,  0.1726, -0.0982, -0.1908,  0.2187,  0.2560,  0.3292,
          0.3312,  0.3058, -0.0149, -0.1799],
        [ 0.0811, -0.0430,  0.1638,  0.3881, -0.0198, -0.2120, -0.3454, -0.2258,
         -0.0512, -0.0934, -0.0859, -0.3480,  0.3629, -0.0580,  0.1826, -0.1808,
          0.2293, -0.1932,  0.2929,  0.3850],
        [ 0.2414, -0.3943, -0.0041, -0.1312,  0.2474,  0.3710, -0.0493,  0.2322,
         -0.2898,  0.1512,  0.1216,  0.1104, -0.0268,  0.3793,  0.3967, -0.2624,
         -0.0306, -0.3765, -0.2696, -0.1968],
        [ 0.1432, -0.2332, -0.2199,  0.2130, -0.0387, -0.3429,  0.3112, -0.2572,
         -0.1119,  0.3097,  0.0225,  0.2633,  0.3224, -0.1232, -0.2976, -0.1985,
          0.0745,  0.0380,  0.1770, -0.4001],
        [-0.4082,  0.1641, -0.1800,  0.0856,  0.0855, -0.3323, -0.1128, -0.1100,
          0.3435,  0.0262,  0.2917,  0.4000, -0.2144, -0.2090,  0.2612, -0.3263,
         -0.0875,  0.2837, -0.0848,  0.1692],
        [-0.3561,  0.2595, -0.0306,  0.0110,  0.1140,  0.1581,  0.1422,  0.2037,
         -0.2389, -0.3124, -0.3849,  0.1627,  0.2672, -0.1975,  0.1966,  0.2114,
         -0.0548, -0.2976,  0.0012, -0.2673],
        [-0.2337,  0.3739,  0.1467,  0.3952, -0.0536, -0.2011,  0.1372,  0.0037,
          0.0544, -0.1295, -0.2488, -0.2332, -0.3824, -0.3316,  0.4014, -0.0453,
         -0.1506,  0.0776, -0.1240,  0.2500],
        [-0.1904, -0.3744, -0.2058, -0.0806,  0.2036,  0.3613, -0.2708,  0.0530,
          0.2046, -0.4031, -0.3850,  0.0715,  0.0588,  0.3828, -0.3446,  0.3392,
         -0.3482, -0.3435, -0.3688,  0.1644]],
       device='cuda:0', requires_grad=True) torch.Size([24, 20])
1 Parameter containing:
tensor([[ 0.2631, -0.1463,  0.0285, -0.0622, -0.1882,  0.1311],
        [ 0.0382, -0.1887, -0.1345,  0.0975, -0.1165,  0.3113],
        [-0.0136, -0.1097,  0.0633,  0.0980, -0.1443,  0.3424],
        [ 0.1070, -0.1641,  0.2466,  0.2492, -0.1491, -0.0912],
        [-0.3974,  0.3447,  0.0752,  0.0426,  0.0306, -0.0651],
        [ 0.2886, -0.3134,  0.2883, -0.1742,  0.3894, -0.0754],
        [-0.0808, -0.1836, -0.3576,  0.1077,  0.1544,  0.3536],
        [-0.3255, -0.0032, -0.3926, -0.3975, -0.3923, -0.1845],
        [ 0.0531, -0.0373, -0.3475, -0.1583,  0.1946, -0.3152],
        [ 0.0750,  0.1663,  0.0961,  0.2600,  0.1296, -0.3191],
        [-0.1923, -0.0768, -0.0743, -0.1948,  0.2272, -0.3746],
        [ 0.1590, -0.0245,  0.2531, -0.1052,  0.2646,  0.2353],
        [-0.3388,  0.0891, -0.3701, -0.3262,  0.1357, -0.3862],
        [-0.2912,  0.0878,  0.3011, -0.0943,  0.1698, -0.3833],
        [-0.0785,  0.1309, -0.2581, -0.2106, -0.1090, -0.3829],
        [ 0.3876, -0.0028, -0.0794,  0.3557,  0.0157, -0.0944],
        [-0.2686,  0.1473, -0.3243,  0.3914,  0.0197,  0.3476],
        [-0.1128,  0.0501,  0.0402,  0.1977, -0.1913, -0.0782],
        [ 0.3246, -0.0220, -0.0690, -0.3715, -0.2771, -0.1917],
        [-0.1691, -0.0921,  0.1006,  0.0479, -0.0286,  0.1568],
        [ 0.2318, -0.1360, -0.1500, -0.0023, -0.0292,  0.1443],
        [ 0.0152, -0.0607,  0.0682,  0.3825, -0.3939,  0.0772],
        [-0.0378, -0.1945, -0.2002,  0.2952,  0.1946,  0.0491],
        [ 0.3837, -0.3047,  0.0561,  0.1294, -0.1225,  0.3589]],
       device='cuda:0', requires_grad=True) torch.Size([24, 6])
2 Parameter containing:
tensor([ 0.1338,  0.3933,  0.2561,  0.2898, -0.1847, -0.2928,  0.1601,  0.0787,
         0.3352, -0.2881,  0.2473, -0.3803, -0.0768,  0.3243, -0.1391,  0.3819,
         0.0008, -0.3972, -0.0283,  0.0216,  0.1701, -0.2407, -0.0658, -0.1276],
       device='cuda:0', requires_grad=True) torch.Size([24])
3 Parameter containing:
tensor([ 0.2065,  0.0869, -0.2107,  0.1126, -0.3284,  0.0254,  0.0041, -0.3781,
         0.1999, -0.3827, -0.2168, -0.2623, -0.0895, -0.1169, -0.2396, -0.3271,
        -0.2378, -0.0928, -0.3703, -0.3221, -0.0690, -0.1773, -0.2205, -0.3306],
       device='cuda:0', requires_grad=True) torch.Size([24])
4 Parameter containing:
tensor([[ 0.2313, -0.1331, -0.3628, -0.1010,  0.3374, -0.0725],
        [ 0.3925,  0.1328,  0.0151, -0.0874, -0.1165,  0.0012]],
       device='cuda:0', requires_grad=True) torch.Size([2, 6])
5 Parameter containing:
tensor([0.1903, 0.2601], device='cuda:0', requires_grad=True) torch.Size([2])
Loss: 0.3542
Training Accuracy: 0.00%

test.avi Max_pool
tensor([[5.7921, 3.4878, 3.9481,  ..., 4.3281, 4.3694, 4.9449],
        [5.7801, 3.4486, 3.8470,  ..., 4.2986, 4.4651, 5.0355],
        [5.6359, 3.5426, 4.0009,  ..., 4.3541, 4.5479, 4.9436],
        ...,
        [5.9585, 3.4908, 4.0341,  ..., 4.4662, 4.8017, 4.9467],
        [5.5166, 3.4517, 3.2704,  ..., 5.0215, 4.5014, 5.2331],
        [6.5539, 3.5342, 3.8746,  ..., 3.8249, 5.0612, 4.9635]],

1.avi  Max_pool
tensor([[5.0641, 5.1162, 4.7764,  ..., 3.8692, 4.9419, 3.9629],
        [5.9386, 4.0249, 7.1510,  ..., 5.5027, 6.4361, 4.3687],
        [4.4779, 3.5109, 3.8536,  ..., 4.8165, 5.7081, 4.6603],
        ...,
        [5.4140, 5.9111, 5.5189,  ..., 5.1940, 4.1619, 5.4823],
        [4.5584, 5.5340, 5.7532,  ..., 5.4134, 6.0019, 4.8809],
        [4.7823, 4.1487, 5.0223,  ..., 5.0271, 4.6519, 3.7406]],

test.avi Avg_pool
tensor([[0.9512, 0.9581, 0.9556,  ..., 0.9364, 1.0652, 0.9761],
        [0.8837, 0.9803, 0.8802,  ..., 0.9377, 1.0180, 0.9935],
        [0.9264, 0.9849, 0.9377,  ..., 0.9361, 1.0580, 0.9458],
        ...,
        [0.8674, 0.8900, 0.8451,  ..., 0.9540, 1.1159, 0.9613],
        [0.8817, 0.9121, 0.9258,  ..., 0.9624, 0.9860, 0.9638],

1.avi Avg_pool
tensor([[0.8989, 0.9657, 0.9517,  ..., 0.9146, 1.1217, 1.0037],
        [0.9005, 0.9664, 0.9522,  ..., 0.9161, 1.1115, 1.0020],
        [0.9006, 0.9634, 0.9452,  ..., 0.9141, 1.1163, 1.0054],
        ...,
        [0.8916, 0.9544, 0.9485,  ..., 0.8993, 1.0974, 0.9998],
        [0.9186, 0.9604, 0.9410,  ..., 0.8831, 1.1163, 0.9878],
        [0.9060, 0.9496, 0.9799,  ..., 0.9178, 1.0962, 1.0011]],
        [0.8749, 0.8766, 0.9310,  ..., 1.0114, 1.0537, 1.0242]],
