0 Parameter containing:
tensor([[ 0.2044,  0.1639, -1.2945, -0.1286, -0.0571, -0.0711],
        [-0.8671,  0.3745,  0.5288,  2.8891,  0.1601, -0.3638],
        [-0.9139,  1.5909,  0.5047,  0.3259, -2.0128,  3.0877],
        [ 2.9216, -1.5525, -0.5401,  0.4707, -1.3102, -0.3682],
        [-0.3976,  2.0582,  0.0016,  0.1636,  0.8414,  1.0562],
        [-0.7515, -0.0474, -0.1777, -0.4504,  0.1144, -0.9690],
        [ 0.4088, -0.8302, -0.7038,  0.4153,  0.6478,  0.2110],
        [-0.9249, -0.0239,  1.6297, -1.1816, -0.8921,  1.0873],
        [ 0.5450, -0.1949, -2.3194, -1.2215,  0.0381, -0.2548]],
       requires_grad=True) torch.Size([9, 6])
1 Parameter containing:
tensor([[-0.3808, -0.0467, -0.0216, -0.2872, -0.4043,  0.0027],
        [ 0.3671,  0.3679, -0.2486, -0.0725, -0.3414, -0.3188],
        [-0.1119,  0.3964, -0.1065,  0.0236,  0.3841,  0.0728],
        [ 0.3293,  0.2713,  0.3828,  0.0700, -0.3301, -0.3512],
        [-0.2109,  0.3370,  0.2348,  0.1195, -0.3109, -0.3007],
        [ 0.3331, -0.0424, -0.4065, -0.0505, -0.0980,  0.0062],
        [ 0.1709,  0.1571, -0.3124, -0.0045, -0.2023,  0.2762],
        [ 0.2022,  0.2241,  0.3712,  0.2005, -0.4080,  0.1030],
        [-0.2801,  0.0545,  0.0044,  0.4049, -0.2789, -0.4000],
        [-0.1094,  0.0658,  0.2991,  0.3310,  0.3144,  0.1289],
        [-0.1167, -0.0863, -0.2233,  0.0798, -0.2839,  0.1404],
        [ 0.2637,  0.3464, -0.4024,  0.3350, -0.2565, -0.0333],
        [ 0.3727,  0.2212, -0.1295,  0.2410, -0.3971,  0.3192],
        [ 0.3963, -0.0185,  0.0672, -0.0958, -0.2584, -0.1847],
        [-0.0271, -0.3340, -0.3300,  0.0448, -0.2656, -0.2221],
        [-0.0035, -0.2151,  0.3779, -0.1474, -0.2270, -0.1088],
        [-0.3331,  0.2103,  0.3508, -0.2354, -0.1518,  0.3810],
        [-0.2953,  0.1106, -0.3326, -0.3634,  0.0006, -0.2330],
        [ 0.2211, -0.1263,  0.0040, -0.2131,  0.1678,  0.3783],
        [-0.0614, -0.2520, -0.3982,  0.3912,  0.1721,  0.1686],
        [ 0.0695,  0.2049,  0.1450,  0.1993,  0.2553,  0.0579],
        [ 0.3516,  0.2539, -0.0125, -0.1823,  0.0271,  0.3179],
        [ 0.2586, -0.1654, -0.0852,  0.1621,  0.1538,  0.3888],
        [ 0.1982,  0.1301,  0.0944, -0.3837, -0.1504,  0.0432]],
       requires_grad=True) torch.Size([24, 6])
2 Parameter containing:
tensor([[-0.2840, -0.3577,  0.2755,  0.1388, -0.3294,  0.0242],
        [ 0.2404,  0.2352,  0.3728, -0.1614,  0.1818, -0.3312],
        [-0.0504, -0.2596, -0.0777,  0.2324,  0.2035, -0.2147],
        [-0.1012, -0.0817, -0.1553, -0.2236,  0.2998,  0.2822],
        [ 0.3408, -0.2242,  0.2990, -0.1238, -0.0959, -0.1099],
        [-0.0199, -0.1788,  0.0558, -0.2631,  0.1679, -0.3424],
        [-0.1480, -0.2851,  0.2754,  0.2805, -0.3247, -0.2228],
        [ 0.3654,  0.1190,  0.2811, -0.3130,  0.1843,  0.2599],
        [-0.0947, -0.0188,  0.2977,  0.1113,  0.1171,  0.0012],
        [-0.1704, -0.2499,  0.4074, -0.0323,  0.3623,  0.3340],
        [-0.2135,  0.0277, -0.1044, -0.0074,  0.2691,  0.2248],
        [-0.2319, -0.2020, -0.2900, -0.3466,  0.2619, -0.2523],
        [ 0.0053, -0.0006,  0.0698, -0.0239,  0.2119,  0.0561],
        [ 0.2927,  0.0881, -0.0051,  0.0578,  0.2721,  0.0616],
        [ 0.2876, -0.0387,  0.0035,  0.3430, -0.3854,  0.0407],
        [ 0.3729, -0.2049, -0.0753, -0.0246,  0.1345,  0.1543],
        [ 0.0925,  0.1610, -0.1752,  0.1718, -0.1294,  0.2565],
        [-0.1198, -0.3476,  0.0292,  0.2124, -0.0160,  0.0053],
        [ 0.0014,  0.2167,  0.0319, -0.3647, -0.2911,  0.0241],
        [-0.0328,  0.3902, -0.0960,  0.3124, -0.3443, -0.3880],
        [-0.0376, -0.2585, -0.1191,  0.0460, -0.3541,  0.2805],
        [-0.2478,  0.3132,  0.1334, -0.0766, -0.3573,  0.0676],
        [-0.2281,  0.3528, -0.3434, -0.1078, -0.2250, -0.2626],
        [-0.2129, -0.0405,  0.0276,  0.0692,  0.2086, -0.1668]],
       requires_grad=True) torch.Size([24, 6])
3 Parameter containing:
tensor([-0.2533, -0.0860,  0.3847, -0.0499, -0.3437,  0.3203,  0.0993,  0.0709,
         0.0701,  0.2848, -0.1859,  0.2975,  0.3926, -0.1053,  0.2577,  0.2252,
         0.3823, -0.0950, -0.2429, -0.1515, -0.2778,  0.0140,  0.3936,  0.3961],
       requires_grad=True) torch.Size([24])
4 Parameter containing:
tensor([ 0.3084,  0.0404,  0.0089,  0.2703,  0.2424, -0.0405, -0.1033,  0.1614,
        -0.0142, -0.2868, -0.1920,  0.3311,  0.3400, -0.1591, -0.0876, -0.2023,
        -0.1333,  0.3721, -0.3631,  0.1948, -0.3669, -0.1948, -0.0831,  0.0283],
       requires_grad=True) torch.Size([24])
5 Parameter containing:
tensor([[-0.0663, -0.1866, -0.1821, -0.2483, -0.2850, -0.2543],
        [ 0.3915, -0.1924, -0.3395,  0.2806,  0.1584,  0.2808],
        [-0.4061, -0.3886, -0.2898, -0.2151, -0.0009,  0.1766]],
       requires_grad=True) torch.Size([3, 6])
6 Parameter containing:
tensor([ 0.2390, -0.3511,  0.1628], requires_grad=True) torch.Size([3])
