0.75
0.875
0.6666666666666666
0.625
0.7
0.75
0.7857142857142857
0.78125
0.75
0.75
0.7727272727272727
0.7916666666666666
0.7884615384615384
0.8035714285714286
0.25
0.5
0.5
0.5
0.55
0.625
0.6071428571428571
0.625
0.6388888888888888
0.675
0.6590909090909091
0.6666666666666666
0.6923076923076923
0.6785714285714286
0.5
0.625
0.6666666666666666
0.6875
0.7
0.7083333333333334
0.6785714285714286
0.71875
0.6944444444444444
0.7
0.7272727272727273
0.75
0.7692307692307693
0.7857142857142857
0.75
0.5
0.6666666666666666
0.75
0.6
0.5833333333333334
0.5357142857142857
0.46875
0.5
0.55
0.5227272727272727
0.4791666666666667
0.5
0.5357142857142857
1.0
0.75
0.5
0.375
0.45
0.5416666666666666
0.5714285714285714
0.53125
0.5
0.5
0.5
0.5
0.5384615384615384
0.5714285714285714
0.25
0.625
0.75
0.75
0.7
0.75
0.7857142857142857
0.78125
0.7777777777777778
0.775
0.7954545454545454
0.8125
0.8269230769230769
0.7857142857142857
1.0
1.0
0.9166666666666666
0.9375
0.85
0.875
0.8928571428571429
0.84375
0.8333333333333334
0.8
0.7727272727272727
0.7916666666666666
0.8076923076923077
0.7857142857142857
1.0
1.0
1.0
1.0
0.95
0.9583333333333334
0.9285714285714286
0.90625
0.9166666666666666
0.925
0.9090909090909091
0.9166666666666666
0.9230769230769231
0.9107142857142857
0.25
0.375
0.4166666666666667
0.5
0.55
0.625
0.6785714285714286
0.6875
0.7222222222222222
0.75
0.7727272727272727
0.7916666666666666
0.8076923076923077
0.8214285714285714
1.0
1.0
0.9166666666666666
0.9375
0.95
0.9583333333333334
0.9642857142857143
0.96875
0.9444444444444444
0.95
0.9318181818181818
0.9375
0.9423076923076923
0.9464285714285714
1.0
1.0
1.0
0.875
0.85
0.875
0.8928571428571429
0.875
0.8611111111111112
0.875
0.8863636363636364
0.8958333333333334
0.9038461538461539
0.9107142857142857
1.0
1.0
1.0
1.0
0.95
0.9583333333333334
0.9642857142857143
0.96875
0.9722222222222222
0.975
0.9772727272727273
0.9791666666666666
0.9807692307692307
0.9642857142857143
0.75
0.875
0.9166666666666666
0.875
0.9
0.9166666666666666
0.9285714285714286
0.90625
0.9166666666666666
0.925
0.9318181818181818
0.9375
0.9423076923076923
0.9285714285714286
1.0
1.0
1.0
0.875
0.9
0.875
0.8928571428571429
0.90625
0.9166666666666666
0.875
0.8863636363636364
0.8958333333333334
0.8846153846153846
0.8928571428571429
1.0
0.875
0.9166666666666666
0.875
0.9
0.875
0.8928571428571429
0.875
0.8888888888888888
0.9
0.9090909090909091
0.9166666666666666
0.9230769230769231
0.9107142857142857
1.0
0.875
0.8333333333333334
0.875
0.9
0.8333333333333334
0.8214285714285714
0.8125
0.8333333333333334
0.85
0.8409090909090909
0.8541666666666666
0.8461538461538461
0.8571428571428571
1.0
1.0
0.8333333333333334
0.875
0.9
0.9166666666666666
0.9285714285714286
0.90625
0.8888888888888888
0.9
0.9090909090909091
0.9166666666666666
0.9038461538461539
0.9107142857142857
0.75
0.75
0.8333333333333334
0.875
0.85
0.875
0.8928571428571429
0.90625
0.9166666666666666
0.925
0.9318181818181818
0.9375
0.9230769230769231
0.9285714285714286
0.5
0.75
0.8333333333333334
0.875
0.85
0.8333333333333334
0.8214285714285714
0.84375
0.8611111111111112
0.875
0.8863636363636364
0.8958333333333334
0.9038461538461539
0.9107142857142857
1.0
1.0
1.0
1.0
0.95
0.9583333333333334
0.9642857142857143
0.96875
0.9722222222222222
0.975
0.9772727272727273
0.9583333333333334
0.9423076923076923
0.9464285714285714
1.0
1.0
1.0
1.0
1.0
0.9583333333333334
0.9285714285714286
0.9375
0.9444444444444444
0.95
0.9545454545454546
0.9375
0.9423076923076923
0.9464285714285714
1.0
1.0
0.9166666666666666
0.9375
0.9
0.875
0.8928571428571429
0.90625
0.9166666666666666
0.925
0.9318181818181818
0.9375
0.9423076923076923
0.9464285714285714
1.0
1.0
1.0
0.9375
0.95
0.9583333333333334
0.9642857142857143
0.96875
0.9722222222222222
0.95
0.9545454545454546
0.9583333333333334
0.9615384615384616
0.9642857142857143
1.0
1.0
0.9166666666666666
0.875
0.9
0.9166666666666666
0.9285714285714286
0.9375
0.9444444444444444
0.95
0.9545454545454546
0.9375
0.9423076923076923
0.9285714285714286
1.0
1.0
1.0
0.9375
0.95
0.9166666666666666
0.9285714285714286
0.90625
0.9166666666666666
0.925
0.9318181818181818
0.9375
0.9230769230769231
0.9285714285714286
