1.0
0.5
0.5
0.375
0.35
0.2916666666666667
0.32142857142857145
0.3125
0.3055555555555556
0.35
0.3409090909090909
0.3958333333333333
0.38461538461538464
0.4107142857142857
0.5
0.625
0.5833333333333334
0.625
0.7
0.75
0.7857142857142857
0.78125
0.8055555555555556
0.825
0.8181818181818182
0.7916666666666666
0.7884615384615384
0.8035714285714286
0.75
0.875
0.8333333333333334
0.6875
0.7
0.7083333333333334
0.7142857142857143
0.75
0.7222222222222222
0.75
0.75
0.75
0.7692307692307693
0.7678571428571429
1.0
0.875
0.9166666666666666
0.8125
0.85
0.875
0.8928571428571429
0.875
0.8611111111111112
0.875
0.8863636363636364
0.875
0.8269230769230769
0.8392857142857143
1.0
0.75
0.5833333333333334
0.6875
0.75
0.75
0.7857142857142857
0.8125
0.8333333333333334
0.85
0.8636363636363636
0.875
0.8269230769230769
0.8392857142857143
1.0
1.0
1.0
1.0
1.0
1.0
0.9642857142857143
0.9375
0.9444444444444444
0.9
0.9090909090909091
0.875
0.8846153846153846
0.8392857142857143
0.5
0.75
0.8333333333333334
0.875
0.85
0.7083333333333334
0.75
0.75
0.7222222222222222
0.725
0.75
0.75
0.7307692307692307
0.7321428571428571
1.0
1.0
1.0
1.0
1.0
1.0
1.0
1.0
1.0
1.0
1.0
1.0
1.0
1.0
0.75
0.875
0.9166666666666666
0.9375
0.9
0.9166666666666666
0.9285714285714286
0.9375
0.9444444444444444
0.95
0.9318181818181818
0.9375
0.9423076923076923
0.9464285714285714
1.0
1.0
1.0
1.0
1.0
1.0
1.0
1.0
0.9722222222222222
0.975
0.9772727272727273
0.9791666666666666
0.9807692307692307
0.9464285714285714
1.0
1.0
1.0
1.0
0.95
0.9583333333333334
0.9642857142857143
0.96875
0.9444444444444444
0.95
0.9545454545454546
0.9583333333333334
0.9615384615384616
0.9642857142857143
1.0
1.0
1.0
1.0
1.0
1.0
1.0
1.0
1.0
1.0
1.0
1.0
0.9615384615384616
0.9464285714285714
1.0
1.0
0.9166666666666666
0.9375
0.95
0.9583333333333334
0.9642857142857143
0.96875
0.9722222222222222
0.925
0.9318181818181818
0.9375
0.9423076923076923
0.9464285714285714
1.0
1.0
1.0
1.0
1.0
1.0
1.0
1.0
1.0
1.0
0.9772727272727273
0.9791666666666666
0.9615384615384616
0.9464285714285714
1.0
1.0
0.9166666666666666
0.9375
0.9
0.9166666666666666
0.9285714285714286
0.9375
0.9444444444444444
0.95
0.9545454545454546
0.9583333333333334
0.9423076923076923
0.9464285714285714
1.0
1.0
1.0
1.0
1.0
1.0
0.9285714285714286
0.9375
0.9444444444444444
0.925
0.9090909090909091
0.9166666666666666
0.9230769230769231
0.9285714285714286
1.0
1.0
0.9166666666666666
0.9375
0.95
0.9166666666666666
0.9285714285714286
0.9375
0.9444444444444444
0.95
0.9545454545454546
0.9583333333333334
0.9615384615384616
0.9285714285714286
1.0
0.875
0.8333333333333334
0.8125
0.85
0.875
0.8571428571428571
0.875
0.8888888888888888
0.9
0.9090909090909091
0.9166666666666666
0.9230769230769231
0.9285714285714286
1.0
1.0
1.0
0.9375
0.85
0.875
0.8928571428571429
0.90625
0.9166666666666666
0.925
0.9318181818181818
0.9375
0.9423076923076923
0.9464285714285714
1.0
1.0
1.0
1.0
1.0
1.0
1.0
1.0
1.0
1.0
1.0
1.0
1.0
1.0
1.0
1.0
1.0
1.0
1.0
1.0
0.9642857142857143
0.96875
0.9722222222222222
0.975
0.9772727272727273
0.9791666666666666
0.9807692307692307
0.9821428571428571
1.0
1.0
1.0
0.9375
0.95
0.9583333333333334
0.9642857142857143
0.96875
0.9722222222222222
0.975
0.9772727272727273
0.9791666666666666
0.9807692307692307
0.9642857142857143
1.0
1.0
1.0
1.0
1.0
1.0
1.0
1.0
1.0
1.0
0.9772727272727273
0.9791666666666666
0.9807692307692307
0.9821428571428571
1.0
1.0
1.0
1.0
0.9
0.9166666666666666
0.8928571428571429
0.90625
0.9166666666666666
0.925
0.9318181818181818
0.9375
0.9423076923076923
0.9464285714285714
0.75
0.875
0.9166666666666666
0.9375
0.95
0.9583333333333334
0.9642857142857143
0.96875
0.9722222222222222
0.975
0.9772727272727273
0.9791666666666666
0.9807692307692307
0.9821428571428571
1.0
1.0
1.0
1.0
1.0
1.0
1.0
1.0
0.9722222222222222
0.975
0.9772727272727273
0.9791666666666666
0.9615384615384616
0.9642857142857143
1.0
1.0
1.0
0.9375
0.95
0.9583333333333334
0.9642857142857143
0.96875
0.9722222222222222
0.975
0.9772727272727273
0.9791666666666666
0.9807692307692307
0.9821428571428571
0.75
0.875
0.9166666666666666
0.9375
0.95
0.9583333333333334
0.9285714285714286
0.9375
0.9444444444444444
0.95
0.9545454545454546
0.9583333333333334
0.9615384615384616
0.9642857142857143
1.0
1.0
1.0
1.0
1.0
1.0
1.0
0.96875
0.9722222222222222
0.975
0.9772727272727273
0.9791666666666666
0.9807692307692307
0.9642857142857143
1.0
1.0
1.0
1.0
1.0
0.9583333333333334
0.9642857142857143
0.96875
0.9722222222222222
0.975
0.9772727272727273
0.9791666666666666
0.9807692307692307
0.9821428571428571
1.0
1.0
1.0
1.0
1.0
1.0
1.0
1.0
1.0
1.0
0.9772727272727273
0.9791666666666666
0.9807692307692307
0.9821428571428571
1.0
1.0
0.9166666666666666
0.9375
0.95
0.9583333333333334
0.9642857142857143
0.96875
0.9444444444444444
0.95
0.9545454545454546
0.9583333333333334
0.9615384615384616
0.9464285714285714
1.0
1.0
1.0
1.0
1.0
1.0
1.0
1.0
1.0
1.0
1.0
1.0
0.9807692307692307
0.9642857142857143
1.0
1.0
1.0
1.0
1.0
1.0
0.9642857142857143
0.96875
0.9722222222222222
0.975
0.9772727272727273
0.9791666666666666
0.9807692307692307
0.9821428571428571
1.0
1.0
1.0
1.0
1.0
0.9583333333333334
0.9642857142857143
0.90625
0.9166666666666666
0.925
0.9090909090909091
0.9166666666666666
0.9230769230769231
0.9285714285714286
1.0
1.0
1.0
1.0
1.0
1.0
1.0
1.0
1.0
1.0
0.9772727272727273
0.9583333333333334
0.9615384615384616
0.9642857142857143
1.0
1.0
0.9166666666666666
0.9375
0.95
0.9166666666666666
0.9285714285714286
0.9375
0.9444444444444444
0.95
0.9545454545454546
0.9375
0.9423076923076923
0.9464285714285714
1.0
1.0
0.9166666666666666
0.9375
0.95
0.9583333333333334
0.9642857142857143
0.96875
0.9722222222222222
0.95
0.9545454545454546
0.9375
0.9423076923076923
0.9464285714285714
1.0
1.0
1.0
1.0
1.0
1.0
0.9642857142857143
0.96875
0.9722222222222222
0.975
0.9772727272727273
0.9791666666666666
0.9807692307692307
0.9821428571428571
1.0
1.0
1.0
1.0
1.0
1.0
1.0
1.0
1.0
0.975
0.9772727272727273
0.9791666666666666
0.9807692307692307
0.9821428571428571
1.0
1.0
1.0
0.875
0.9
0.9166666666666666
0.9285714285714286
0.9375
0.9444444444444444
0.95
0.9545454545454546
0.9583333333333334
0.9615384615384616
0.9642857142857143
1.0
1.0
1.0
1.0
1.0
1.0
1.0
1.0
1.0
1.0
1.0
1.0
1.0
1.0
1.0
0.875
0.9166666666666666
0.9375
0.95
0.9583333333333334
0.9642857142857143
0.96875
0.9722222222222222
0.95
0.9545454545454546
0.9583333333333334
0.9615384615384616
0.9642857142857143
1.0
1.0
0.8333333333333334
0.875
0.9
0.9166666666666666
0.9285714285714286
0.9375
0.9444444444444444
0.95
0.9318181818181818
0.9375
0.9230769230769231
0.9285714285714286
1.0
1.0
1.0
1.0
1.0
1.0
1.0
1.0
1.0
1.0
1.0
1.0
1.0
1.0
1.0
1.0
1.0
1.0
1.0
1.0
1.0
1.0
1.0
1.0
1.0
1.0
1.0
1.0
1.0
1.0
1.0
0.9375
0.95
0.9583333333333334
0.9642857142857143
0.96875
0.9722222222222222
0.975
0.9772727272727273
0.9583333333333334
0.9615384615384616
0.9642857142857143
1.0
1.0
1.0
0.9375
0.95
0.9583333333333334
0.9642857142857143
0.96875
0.9722222222222222
0.975
0.9772727272727273
0.9791666666666666
0.9807692307692307
0.9821428571428571
1.0
0.875
0.9166666666666666
0.9375
0.95
0.9583333333333334
0.9285714285714286
0.9375
0.9444444444444444
0.9
0.9090909090909091
0.9166666666666666
0.9230769230769231
0.9285714285714286
1.0
1.0
1.0
1.0
1.0
1.0
1.0
1.0
1.0
1.0
1.0
1.0
0.9615384615384616
0.9642857142857143
