3.764618396759033
2.1434459686279297
9.639850616455078
7.8378530740737915
6.274820280075073
5.2970267335573835
4.553592920303345
4.229138016700745
4.042718993292914
4.407101249694824
4.055019308220256
3.717639242609342
3.6139644246834974
3.3559053923402513
12.398319244384766
6.745769798755646
10.376665314038595
10.85650959610939
11.540018010139466
9.61668167511622
10.371805412428719
9.16915911436081
8.32679675685035
7.494129621982575
7.9692571488293735
7.77116244037946
7.173380714196425
7.149308485644204
9.338340759277344
8.600377559661865
6.8049055735270185
15.721924304962158
17.917570877075196
18.45329189300537
19.75226538521903
17.284671276807785
18.415576696395874
18.204129004478453
16.54926709695296
15.170216659704844
14.011259097319384
13.010454876082283
3.9645309448242188
35.79096984863281
23.86250631014506
17.89717572927475
41.0646155834198
35.30738151073456
35.67056672913687
37.33701577782631
33.39187508159213
30.052687573432923
37.38965998996388
46.85897614558538
43.91453590759864
40.77778334277017
0.0
47.96818923950195
96.32870229085286
99.57351684570312
83.7892936706543
69.84054213762283
60.316503507750376
60.99021457135677
57.823319951693215
53.398518931865695
48.816984404217116
44.88567697008451
41.4335518341798
38.47401279211044
128.19039916992188
64.09519958496094
42.730133056640625
38.81894493103027
41.17552719116211
34.31293932596842
29.411090850830078
28.344341278076172
28.095258076985676
25.968915700912476
23.608105312694203
21.640797515710194
19.97674268942613
20.666649018015182
0.00011444091796875
5.7220458984375e-05
5.264751434326172
3.964853733778
5.063561034202576
4.221003234386444
3.6596786635262624
3.519589602947235
3.3886547883351645
3.4911090612411497
3.449485410343517
3.168711394071579
2.924999136191148
11.071956268378667
0.00024366378784179688
0.00012993812561035156
0.0006937980651855469
0.0005217790603637695
1.675998592376709
1.3966735204060872
1.6736478124346053
2.656121551990509
2.3610481686062283
2.1249435424804686
2.6114388812672007
2.3938382466634116
2.2096973199110765
2.581529106412615
65.53672790527344
39.42285776138306
33.99663702646891
26.33519673347473
22.11447744369507
18.428842226664226
15.796156542641777
14.925373017787933
13.266998449961344
11.964193677902221
10.876547033136541
9.987933148940405
9.219630929139944
8.561086509908948
0.013872146606445312
0.00699162483215332
1.5177760124206543
1.2372795045375824
0.9898241758346558
0.8250625729560852
0.7071971041815621
0.6190571337938309
1.54754020108117
1.3927898049354552
1.6503948406739668
1.5128659904003143
1.4281261425751905
1.326120742729732
0.004268169403076172
0.007554054260253906
0.036692182223002114
7.945117861032486
7.949829792976379
6.721121688683827
5.760961992400033
6.234660312533379
5.764656000667149
5.188999021053315
4.718166188760237
4.32518024245898
3.992851046415476
3.7089732459613254
0.0002856254577636719
0.004714846611022949
0.003167390823364258
0.002399146556854248
0.7214194297790527
0.6012323697408041
0.5154290880475726
0.45101916790008545
0.40090756946139866
0.360826301574707
0.32827713272788306
0.3009235660235087
0.27955306493319
0.4009687730244228
3.546999454498291
1.7821813821792603
1.189373254776001
1.2472950220108032
0.9980180740356446
0.8319094975789388
0.7133936541421073
0.7262015864253044
0.6455398599306742
0.5813653886318206
0.5286638032306324
0.48462243378162384
0.4473494337155269
0.7804496245724815
0.01801466941833496
0.009020447731018066
0.030783772468566895
1.8982265889644623
1.5189163446426392
1.8898641467094421
1.619906987462725
1.4174773842096329
1.2600627077950373
1.6586193680763244
1.5078399506482212
1.3823308845361073
1.6816189747590284
1.5615278908184596
0.02277970314025879
3.0152992010116577
2.010584513346354
2.3137115240097046
1.8509855270385742
1.7793546915054321
1.525174719946725
2.007159501314163
1.7841551303863525
1.6057672262191773
1.4598114057020708
1.3381789724032085
1.2352864742279053
3.283605217933655
0.0013203620910644531
2.0633161067962646
3.117228349049886
2.3380227088928223
1.8770136833190918
2.6741974353790283
2.3929053715297153
2.7288984060287476
2.425699551900228
2.183204746246338
4.52468846061013
4.1476841767628985
3.92601464344905
3.6457671437944685
0.527564287185669
0.26379573345184326
4.126507997512817
3.0954432487487793
2.477363681793213
2.0645130475362143
1.7696178300040108
1.7234529256820679
2.094796339670817
1.8854703903198242
1.7140727910128506
1.5712405443191528
1.8595049197857196
1.7274189676557268
1.0489425659179688
3.4490301609039307
2.299381732940674
1.724676489830017
1.945548915863037
1.6212997436523438
1.3901878765651159
1.2187255918979645
1.083406580819024
0.9750979661941528
0.8864586786790327
0.8128048976262411
0.91198913867657
0.8468559810093471
6.433985710144043
3.217075824737549
2.1454291343688965
1.6246760487556458
1.763089084625244
5.320648908615112
4.980206898280552
4.3579742312431335
3.87434983253479
3.487014579772949
3.170993848280473
2.9067834615707397
2.686852510158832
2.49498074395316
0.0013270378112792969
0.0013947486877441406
0.12037752072016399
0.18297582864761353
0.9323698520660401
0.7774211963017782
0.6663953576769147
0.5844925940036774
0.5196710957421197
0.4732006072998047
0.4404495087536899
0.5779285132884979
0.8593293795218835
0.7979831440108163
0.1358778476715088
0.06893229484558105
0.04601128896077474
0.03454172611236572
0.028853464126586913
0.15848028659820557
0.5330762181963239
0.4665513038635254
0.4147593180338542
0.3733177661895752
0.34164216301657935
0.43874266743659973
0.4050676180766179
0.38240344183785574
0.0004038810729980469
0.013631701469421387
1.7054797013600667
1.2797977924346924
1.7407630920410155
4.291108131408691
3.679247106824602
3.2435300201177597
2.8833062251408896
2.595015752315521
2.4136432029984216
2.2154927800099053
2.0457227551020107
1.927350823368345
0.0005064010620117188
0.002466917037963867
0.0017159779866536458
0.5457018613815308
0.4424907684326172
0.3702331781387329
0.31736370495387484
0.277710884809494
0.24689184294806588
1.3585227727890015
1.239875403317538
1.1366746822992961
1.049284238081712
0.9746603454862323
0.0026831626892089844
0.008514165878295898
0.2578930656115214
0.6785590201616287
0.5440903306007385
0.4534233907858531
0.5375821334975106
0.47041625529527664
0.42310646507475114
0.3812228739261627
0.36811557141217316
0.877738689382871
0.8104470463899466
1.1627980768680573
0.0005025863647460938
0.07598984241485596
0.054626146952311196
0.3083435893058777
0.24675850868225097
0.6137369473775228
0.5267550264086042
1.0060270130634308
0.8943598800235324
0.8050694227218628
0.7321987152099609
0.6712742845217387
1.1491043200859656
1.078329052243914
