0.0301244854927063
9.294511705636978
17.180012961228687
37.093193009495735
33.28855587244034
42.676508555809654
42.14535737889154
39.85604331642389
40.18030376566781
37.00237043499946
35.167595933784135
32.24731985417505
33.500134978729946
32.86654458461063
14.528823852539062
16.38783073425293
14.322787920633951
11.967357397079468
9.670143365859985
8.058452804883322
6.907245261328561
6.153600111603737
5.469866765869988
4.922881758213043
5.6946926658803765
8.795836021502813
8.52676707964677
7.9177663922309875
24.571365356445312
12.285682678222656
12.564681688944498
30.71377158164978
27.81462001800537
23.425240099430084
20.479919586862838
17.919929638504982
22.48872345023685
20.26992837488651
18.495664572173897
17.779735463360947
16.412101578253967
15.929773447769028
0.0
1.2303993701934814
0.8203530311584473
2.3458935022354126
1.876737689971924
1.5639500617980957
1.3405286243983678
1.959114670753479
3.0950261221991644
2.785523509979248
2.541444247419184
2.4396893282731376
7.978292914537283
7.413950307028634
0.0
56.435577392578125
56.674530029296875
42.50591683387756
34.00478959083557
30.416645566622417
26.0826168188027
22.822291802614927
20.289060231712128
18.260336765646933
16.60338940132748
15.254116035997868
14.430413739039349
13.459121902074132
0.0003838539123535156
0.04286986589431763
0.16778509815533957
0.2941307947039604
0.3156804502010345
0.360341156522433
0.53496453166008
0.5705791525542736
0.5084792607360415
2.2649523109197616
2.0768213624303993
2.14105345060428
2.008742183446884
4.235414843474116
3.910460948944092
1.960519015789032
1.3348234097162883
1.0014394223690033
1.5064327001571656
6.276353180408478
5.384153417178562
4.924026906490326
5.445140997568767
5.34637451171875
4.904969182881442
4.770397931337357
4.844372850198012
4.8586329988070895
0.01275777816772461
0.00647282600402832
0.011234323183695475
0.071942538022995
0.06394193172454835
0.16899055242538452
0.14484952177320207
0.13391120731830597
0.1545785533057319
0.17685809433460237
0.16095991839062085
0.14775405575831732
0.14153102040290833
0.1316668071917125
7.731790542602539
3.869515538215637
2.5990071296691895
1.9547566771507263
1.73587646484375
1.453136106332143
1.2829176442963737
1.1231660917401314
0.9983699123064677
0.898536640405655
0.8801372647285461
0.8090459754069647
0.7468516872479365
0.6938668191432953
0.6235901713371277
0.31954696774482727
0.21317166090011597
0.1652267426252365
0.13219074010849
0.11015950640042622
0.09820050001144409
0.08596763759851456
1.4206293755107455
1.2791398108005523
1.1629171208901838
1.1105402807394664
1.0372360807198744
2.0897024146148135
0.6148890256881714
0.3075917363166809
0.20550167560577393
0.154747873544693
0.29077084064483644
0.2423211137453715
0.2093622854777745
0.1833541840314865
0.946306586265564
0.8534881949424744
0.7760114561427723
0.7113524576028188
0.6614202994566697
0.6143788865634373
0.022913455963134766
0.015301227569580078
0.010442813237508139
0.011772692203521729
0.012201786041259766
0.0529711643854777
0.04541598047528948
0.04165458679199219
0.03748591740926107
0.033806657791137694
0.03172885287891735
0.0296864112218221
0.5946137721721942
0.6668298755373273
6.29425048828125e-05
0.001680135726928711
1.2616736888885498
0.96871417760849
0.7754517555236816
0.6602104206879934
0.5746260625975472
0.5032570585608482
0.4487389392322964
1.6997494637966155
1.5453008034012534
1.4511247798800468
1.3395507266888251
1.2451763600111008
0.4042879045009613
0.6181723326444626
0.4314611653486888
0.32823996990919113
0.26856345534324644
0.22992165386676788
0.21408891252108983
0.1882179044187069
0.16927721434169346
0.15312106311321258
0.42911832711913367
0.3934488669037819
0.48975638013619643
0.5061924947159631
0.026492595672607422
0.013303995132446289
0.9053570429484049
0.6855612993240356
1.6674261093139648
1.3895263671875
1.1913368701934814
1.0465553849935532
0.9655982454617819
0.8735378682613373
0.7941636118021879
0.7294656783342361
0.7635823809183561
0.7358529589005879
0.3968821167945862
0.34443172812461853
0.23549765348434448
0.18354608118534088
0.150546395778656
0.1295294463634491
1.1421029652867998
0.9993570819497108
0.8898763457934061
0.9228969514369965
1.369069224054163
1.2582034418980281
1.1618737211594214
1.0837763249874115
0.29632678627967834
0.15361125767230988
0.4215265214443207
0.3457952216267586
0.27770944237709044
0.35476210216681164
0.33181790368897573
0.297991294413805
0.26522354616059196
0.23996091187000274
0.21938820589672436
0.20127936452627182
0.19120129484396714
0.6177469428096499
5.5789947509765625e-05
4.942927122116089
4.661214351654053
4.1197474002838135
3.301835870742798
2.7515472173690796
2.4651886905942644
2.158445253968239
1.9186698728137546
1.7278470635414123
1.57184146751057
1.4483316590388615
1.33693888095709
1.2424210437706538
0.006304025650024414
0.003288865089416504
0.029497702916463215
1.3464296460151672
1.7728659152984618
1.5656726161638896
1.3464563233511788
1.1781505346298218
1.07465261220932
0.9691092789173126
0.8826794461770491
0.8100479493538538
0.7508315902489883
0.6972727136952537
0.0027179718017578125
0.015719294548034668
0.012047529220581055
0.03235042095184326
0.03289551734924316
0.10169694821039836
0.10364754710878644
0.09137917309999466
0.08319714996549818
0.07502110600471497
0.06821036880666559
0.06350821753342946
0.09452649721732506
0.08777957728930882
0.013588309288024902
0.006836831569671631
0.03835888703664144
0.02951386570930481
0.04349451065063477
0.03970390558242798
0.3500564268657139
0.3133588284254074
0.28363268905215794
0.26257174015045165
0.23949614438143643
0.21954711278279623
0.20365135486309344
0.1891280242374965
0.019985079765319824
0.01434105634689331
0.012567957242329916
0.24766503274440765
0.2137874722480774
0.17815908789634705
0.15691613299506052
0.14308350533246994
0.12866973214679295
0.11693374514579773
0.11151480132883246
0.123251939813296
0.11399570336708656
0.30527208958353313
0.11044424772262573
0.05527171492576599
0.04689751068751017
0.03751446306705475
0.030018341541290284
0.030478487412134807
0.03404030629566738
0.034367211163043976
0.030601455105675593
0.028003674745559693
0.36764121597463434
0.33813848594824475
0.31213359190867496
0.29262285998889376
0.02230668067932129
0.01766812801361084
0.02797730763753255
0.02682057023048401
0.9622902154922486
0.8528191099564234
1.2088818762983595
1.068720031529665
0.9499840637048086
0.8550027281045913
0.7784218165007505
0.7350907549262047
0.6785595073149755
0.631325996347836
4.824888229370117
2.4615424275398254
1.6442159414291382
1.237444669008255
1.0048524856567382
0.8427668213844299
0.7259562356131417
0.6352172493934631
0.5646509594387479
0.5086763381958008
0.46403794938867743
0.43973085284233093
0.4274567594894996
0.39972298060144695
0.0243302583694458
0.017010867595672607
0.01577595869700114
0.011957377195358276
0.013736677169799805
0.011987527211507162
0.021595256669180735
0.021927937865257263
0.3778118160035875
0.34005180597305296
0.30923042514107446
0.2834896544615428
0.3417734641295213
0.32239539282662527
0.04253089427947998
0.027160227298736572
0.032282392183939614
0.5386350452899933
0.4311944246292114
0.40495141843954724
0.3471162021160126
0.3038812316954136
0.31800463133388096
0.2906117409467697
0.2801860977302898
0.30198489377895993
0.2855677673449883
0.2655347138643265
1.37712824344635
0.7070993781089783
0.47510218620300293
0.35801440477371216
0.28825554847717283
0.39220242698987323
0.5138117330414909
0.450521744787693
0.406486001279619
0.3681241810321808
0.3346703973683444
0.3074103444814682
0.2847647712780879
0.26442940320287434
6.4849853515625e-05
0.009407639503479004
0.06165250142415365
0.05257987976074219
0.04216604232788086
0.061192989349365234
0.07573093686785017
0.15974187850952148
0.14310818248324925
0.1453890860080719
0.13518964702432806
0.12397746741771698
0.1144605462367718
0.16197819794927323
0.009075641632080078
0.058635056018829346
0.04204070568084717
0.036499351263046265
0.029218268394470216
0.2739438811937968
0.24133682250976562
0.21122530102729797
0.19305794768863255
0.1767860770225525
0.16147777167233554
0.1490803062915802
0.15539348125457764
0.1503656336239406
0.0001430511474609375
0.019771218299865723
0.01331782341003418
0.024877488613128662
0.020661306381225587
0.036921421686808266
0.03494451727185931
0.05221865326166153
0.04847704701953464
0.05193399786949158
0.2011518207463351
0.18441913028558096
0.1742962094453665
0.1647566258907318
0.0016820430755615234
0.029368460178375244
0.7264546155929565
0.6892818212509155
0.5637572526931762
0.47547751665115356
0.4097540208271572
0.3605343699455261
0.4033888578414917
0.3676453948020935
0.3344512310895053
0.30715760588645935
0.2835609821172861
0.3553150807108198
0.09670066833496094
0.05532491207122803
0.03704365094502767
0.03448474407196045
0.027692890167236327
0.02815951903661092
0.12111111198152814
0.10910127311944962
0.11221444606781006
0.10169829130172729
0.09302697398445824
0.08845542867978413
0.14992798291719878
0.24640968016215734
0.00014543533325195312
0.0002262592315673828
0.06905212004979451
0.0765247792005539
0.17782772779464723
0.1598049302895864
0.5531440036637443
0.4865282401442528
0.4409029417567783
0.4113808572292328
0.3760460452599959
0.3465961366891861
0.3245642872957083
0.3360878442014967
0.02611374855041504
0.01386880874633789
0.009282906850179037
0.013820946216583252
0.011414575576782226
0.26257240772247314
0.22510252680097306
0.5205032527446747
0.5219969550768534
0.47542555928230285
0.5048773722215132
0.46536170442899066
0.42957767156454235
0.4307462785925184
0.020228147506713867
0.013731241226196289
0.22947976986567178
0.17468295991420746
0.15160051584243775
0.12805792689323425
0.12519063268389022
0.11615641415119171
0.1084469026989407
0.10471142530441284
0.22447574138641357
0.26829145352045697
0.2491922561938946
0.23140217576708114
0.008572578430175781
0.010462641716003418
1.7192094326019287
1.2903621792793274
1.112956666946411
1.1591628988583882
0.9972680636814663
0.8769361823797226
0.7865035268995497
0.7130187153816223
0.6482128771868619
0.8399999439716339
0.7794130490376399
0.7360683168683734
0.018805265426635742
0.00972592830657959
1.974053144454956
1.4967781603336334
1.2032492637634278
1.0213551620642345
0.875447962965284
0.766053207218647
0.681955423620012
0.8651602804660797
0.7927901365540244
0.8546657611926397
0.7897690855539762
0.7646581147398267
0.40657833218574524
0.2187069207429886
0.14586119850476584
0.1097673550248146
0.08923385739326477
0.15974418818950653
0.4995016072477613
0.43742457404732704
0.39118079675568473
0.3570222407579422
0.3255501687526703
0.3024132177233696
0.27916383055540234
0.26611935453755514
0.02073228359222412
0.04155588150024414
0.2893449266751607
0.22247494757175446
0.18159934282302856
0.23148791988690695
0.20657710518155778
0.1818603351712227
0.16496603356467354
1.0306351482868195
0.9393887682394548
0.8612572898467382
0.7950171828269958
0.7382426730224064
0.02602529525756836
0.018149375915527344
0.05357100566228231
0.7793544083833694
0.625075352191925
0.5281118452548981
0.4605999248368399
0.40646641701459885
0.36204586426417035
0.32600616812705996
0.2963962067257274
0.3218262294928233
0.30031285836146426
0.2791313188416617
0.0003070831298828125
0.0003179311752319336
0.05964012940724691
0.04820951819419861
0.04460828304290772
0.03732349475224813
0.05409431457519531
0.04931628704071045
0.04482801755269369
0.05005791783332825
0.0489695126360113
0.04897157847881317
0.045243689647087686
0.04202712007931301
0.0028765201568603516
0.3536459505558014
0.23584947983423868
0.1907980591058731
0.1526434063911438
0.12729069590568542
0.11390072107315063
0.10257334262132645
0.10007635090086195
0.30310158133506776
0.2770040956410495
0.2593919187784195
0.24032040284230158
0.23018690517970494
0.22070902585983276
0.29663167893886566
2.1396133800347648
1.6145381852984428
1.2941570222377776
1.0798882991075516
0.9307772389480046
0.8146525286138058
0.7263417873117659
0.6537108033895492
0.7666264203461733
0.7028754924734434
0.7263193107568301
0.6752733652080808
0.0006706714630126953
0.00037682056427001953
0.05903895696004232
0.057764649391174316
0.050639009475708006
0.05981417496999105
0.09242158702441625
0.10064220800995827
0.09775485263930427
0.0896348387002945
0.0814906819300218
0.10173701246579488
0.0939551041676448
0.08726401839937482
0.004659414291381836
0.02896904945373535
0.053742448488871254
0.06386321783065796
0.05144972801208496
0.04290425777435303
0.08637071933065142
0.10426857322454453
0.09553137752744886
0.0860846221446991
0.07978653365915472
0.07509895662466685
0.09560560721617478
0.0934289310659681
0.026070356369018555
0.013144612312316895
0.03162686030069987
1.17044198513031
0.936570119857788
0.7808589935302734
0.6827933362552098
0.5991151854395866
0.5353996025191413
0.48382537961006167
0.47824250568043103
0.5845354596773783
0.5462757440713736
0.5118266344070435
0.2915281653404236
0.14596626162528992
0.09733357032140096
0.5843394845724106
0.4993697166442871
0.4351472457249959
0.4300128093787602
0.3762929178774357
0.3676256173186832
0.39734977185726167
0.3633324314247478
0.3340948298573494
0.3097389271626106
0.29109380713530947
0.01953291893005371
1.5073578357696533
1.00934898853302
0.7577429711818695
0.6281769275665283
0.5250566005706787
0.55744583266122
0.49159789085388184
0.43705521689520943
0.6583446025848388
0.6036951541900635
0.5535300175348917
0.5519489691807673
0.5145502090454102
6.008148193359375e-05
0.004366636276245117
0.011206785837809244
0.02765500545501709
0.027558732032775878
0.031685868899027504
0.06733243806021554
0.06843404471874237
0.06354926692114936
0.06038136482238769
0.06118973818692294
0.06076076626777649
0.4302131487773015
0.3997043115752084
