2.548720121383667
3.232176661491394
3.262171983718872
3.113908350467682
2.8512091398239137
2.624175250530243
2.4918326480048045
2.3293860405683517
2.4563555320103965
2.307125616073608
2.3348316062580454
2.3480384349823
2.3522386734302225
2.253962823322841
0.3944193720817566
0.29961955547332764
1.379107157389323
1.4459163844585419
1.2575552701950072
1.1247629274924595
1.303169654948371
1.2369059957563877
1.8684965802563562
1.7105277508497239
1.6393662555651232
1.7339462613066037
1.8686045293624585
1.751159355044365
1.43180251121521
1.0021619200706482
0.7474143902460734
1.0536511838436127
1.28127920627594
1.0833519498507183
0.9584723370415824
1.093874916434288
0.986622863345676
1.033920705318451
1.4146459644491023
1.3059053520361583
1.2760246762862573
1.2532777105058943
0.26553434133529663
0.602394700050354
0.4283439914385478
0.5373203903436661
0.4598796010017395
0.4786312480767568
0.4171129720551627
0.3845502808690071
0.35006725125842625
0.3359349250793457
0.4696509404615922
0.467082882920901
0.8506577060772822
1.301121256181172
0.03223729133605957
0.02788388729095459
0.08097332715988159
0.1591465175151825
0.6392017602920532
0.5516268610954285
0.4753833498273577
0.41795140504837036
0.38316412766774494
0.3576619982719421
0.4024514230814847
0.3733511318763097
0.3505015785877521
0.32638471892901827
0.011448144912719727
0.7545705437660217
0.5519828399022421
0.45172998309135437
0.3674497127532959
0.47561347484588623
0.4254482814243862
0.47443725913763046
0.4234386483828227
0.38172280192375185
0.3592752597548745
0.3563747704029083
0.3307066789040199
0.5541953444480896
0.09190428256988525
0.10976123809814453
0.3317118088404338
0.25811198353767395
0.21333916187286378
0.23123853405316672
0.20157678638185775
0.21303167939186096
0.27562375863393146
0.2524359464645386
0.2304588881405917
0.21674118439356485
0.2838688355225783
0.26410376174109323
0.009710073471069336
0.4041595458984375
0.2776985963185628
0.2115519642829895
0.17049770355224608
0.14452632268269858
1.1572119167872839
1.0134908258914948
0.9091248909632365
0.8198313355445862
0.7459164641120217
0.6895479361216227
0.6369386086097131
0.5947286146027702
0.014810800552368164
0.08076268434524536
0.07251485188802083
0.0707254707813263
1.2111473321914672
1.2521675030390422
1.0762670721326555
0.9489699751138687
1.423334664768643
1.2878211617469788
1.1799819577823987
1.0873300433158875
1.012474197607774
0.9436224954468864
1.578106164932251
0.7920143604278564
0.5304363568623861
0.39968615770339966
0.32995378971099854
0.2867209513982137
0.2555785690035139
0.24562860280275345
0.23684340715408325
0.2175294578075409
0.20694596659053455
0.19055927296479544
0.17644646076055673
0.16432966930525644
0.0068471431732177734
0.005909919738769531
0.040532986323038735
0.03163272142410278
0.026839637756347658
0.03470782438913981
0.6112680094582694
0.5375010967254639
0.7484438419342041
0.7286313533782959
0.6716132814233954
0.6167764465014139
0.5700689645913931
0.769863656588963
0.005364418029785156
0.005028247833251953
0.021794676780700684
0.01770523190498352
0.03373134136199951
0.055385599533716835
0.04827834027154105
0.046447716653347015
0.31482963429556954
0.2841471374034882
0.2587937821041454
0.24668473502000174
0.22808440373494074
0.21228381991386414
0.13242483139038086
1.9544180631637573
1.30653182665507
1.5876528024673462
1.2715301990509034
1.0609608888626099
0.9106369018554688
0.8021517992019653
0.7284122043185763
0.669871723651886
0.6108472672375765
0.560236245393753
0.5240168388073261
0.4906901546886989
0.08613967895507812
0.06124222278594971
0.06601226329803467
0.10340549051761627
0.10866378545761109
0.1016862690448761
0.09153017827442714
0.08660047501325607
0.0873416198624505
0.07897290587425232
0.08220720832998102
0.07566945254802704
0.070590078830719
0.0677306524344853
0.004822969436645508
0.01866006851196289
0.014456907908121744
0.013012468814849854
0.023843598365783692
0.3168466091156006
0.27250899587358746
0.244397833943367
0.22505703237321642
0.20295976400375365
0.18538740548220548
0.3224533200263977
0.2980208396911621
0.2817690202168056
1.705196499824524
0.8789039850234985
0.5874371528625488
0.4616149663925171
0.37799179553985596
0.3155667583147685
0.2712395361491612
0.23787222802639008
0.220022095574273
0.19839231967926024
0.1807463602586226
0.16636667648951212
0.15388059616088867
0.14875792605536325
0.00597834587097168
0.05115854740142822
0.5908784866333008
0.4528094530105591
0.3632030487060547
0.30828317006429035
0.2648592335837228
0.2322823703289032
0.20709064271714953
0.19330086708068847
0.18366381255063144
0.17228518923123678
0.1593724489212036
0.1579615729195731
0.0064699649810791016
0.0510631799697876
0.036239306131998696
0.0368269681930542
0.030513477325439454
0.04029836257298788
0.30776621614183697
0.27019552886486053
0.24088765515221489
0.22590070962905884
0.20573075251145798
0.18895180026690164
0.18027876890622652
0.16775186572756087
0.08089137077331543
0.04309237003326416
0.030304511388142902
1.062781274318695
1.1624353885650636
0.9692418972651163
1.497955015727452
1.500182643532753
1.3339234855439928
1.2009233832359314
1.0922937718304722
1.2164245545864105
1.1275236514898448
1.0495997156415666
0.007000446319580078
0.02637004852294922
0.01905671755472819
0.01563262939453125
0.028820252418518065
0.03495426972707113
0.04228358609335763
0.03767700493335724
0.034020437134636775
0.03397887945175171
0.35476616295901214
0.5068386892477671
0.4683496860357431
0.43575936555862427
0.03408646583557129
0.021612882614135742
0.015686432520548504
0.01294773817062378
0.030371212959289552
0.026103119055430096
0.5507164852959769
0.49528343975543976
0.44474101066589355
0.5692447185516357
0.5216389135880903
0.48567482829093933
0.6497046855779794
0.6078087857791356
0.0053558349609375
0.004999995231628418
0.004776557286580403
0.005399346351623535
0.020600390434265137
0.017848392327626545
0.03692719766071865
0.032887138426303864
0.029695782396528456
0.03553963303565979
0.03286373073404485
0.3375600427389145
0.31667076165859515
0.2975278539316995
0.05829906463623047
0.0524558424949646
0.04690885543823242
0.05955851078033447
0.3741025447845459
0.5788227319717407
0.49819087982177734
0.4364852011203766
0.8491768572065566
0.7708679437637329
0.7013431028886274
0.6471973458925883
0.5997906097998986
0.5572818687983921
0.0035533905029296875
0.021480143070220947
0.01725645860036214
0.022136569023132324
0.01846771240234375
0.016146739323933918
0.023899555206298828
0.02764923870563507
0.21627446015675864
0.1983676075935364
0.18161326104944403
0.16698403159777322
0.15474149814018837
0.25577984537397114
0.004014015197753906
0.03593742847442627
0.04621060689290365
0.04576036334037781
0.05005464553833008
0.05522878964742025
0.2816613231386457
0.2493751496076584
0.2298980156580607
0.2073848605155945
0.189121582291343
0.18036765853563944
0.16992740447704607
0.15811905690601893
0.07393574714660645
0.07678955793380737
0.06668583552042644
0.05221158266067505
0.05258173942565918
0.04467463493347168
0.04825266769954136
0.04305334389209747
0.042359762721591525
0.044538021087646484
0.050010150129144844
0.05139201879501343
0.16872429847717285
0.2706459420067923
0.04351508617401123
0.07273215055465698
0.06524419784545898
0.06765219569206238
0.06111321449279785
0.06510651111602783
0.056355101721627374
0.05367845296859741
0.04833327399359809
0.04439370632171631
0.04070884531194514
0.03770124912261963
0.041059402319101185
0.04520295347486224
0.04396498203277588
0.06561821699142456
0.06446929772694905
0.06826579570770264
0.06596674919128417
0.6859904527664185
0.5993989876338414
0.5252474248409271
0.47142038080427384
0.42474726438522337
0.38954150676727295
0.3657429615656535
0.3451703420052162
0.32646856137684416
0.06169009208679199
0.05367964506149292
1.321844458580017
0.9927479922771454
1.3456148862838746
1.1359512011210124
1.5624854905264718
1.3719743341207504
1.2201313840018377
1.1045300841331482
1.0110950469970703
0.9362889428933462
0.8698925605187049
0.8121294634682792
0.04885303974151611
0.8167012929916382
0.5582161744435629
0.43943631649017334
0.365799617767334
0.3099660476048787
0.27498625005994526
0.4488018900156021
0.804780470000373
0.7303880453109741
0.6644972454417836
0.6096351544062296
0.5630060709439791
0.6390635626656669
3.6610183715820312
2.593603789806366
1.7434171438217163
1.3336128145456314
1.0782212138175964
0.9000558356444041
0.7841445803642273
0.6974991634488106
0.6294769512282478
0.5670626699924469
0.5159421238032255
0.4734763751427333
0.43745365968117345
0.41145770464624676
0.0963519811630249
0.08247125148773193
0.1111110250155131
0.10292832553386688
0.08311046361923217
0.07708866397539775
0.07228159052985055
0.06923996657133102
0.06996242867575751
0.06978303790092469
0.06409635868939487
0.06218410034974416
0.05777033017231868
0.05910313555172512
0.06419515609741211
0.03518784046173096
0.03686253229777018
0.04725661873817444
0.044582247734069824
0.03798741102218628
0.033052257129124234
0.029900386929512024
0.027280820740593806
0.031674325466156006
0.03509198535572399
0.042639970779418945
0.04026891635014461
0.03784103052956717
0.06081497669219971
0.032485783100128174
1.2583727439244587
0.9446292817592621
1.4757506132125855
1.2377440532048543
1.0957951630864824
0.9676229134202003
0.8667445513937209
1.1527792990207673
1.05271837386218
1.1134273161490758
1.0338793855447035
1.086733388049262
0.006142616271972656
0.04136800765991211
0.028681357701619465
0.4046035408973694
0.33465282917022704
0.2796500325202942
0.24306251321520125
0.2134133130311966
0.1903989182578193
0.1782940149307251
0.1624408851970326
0.15359545747439066
0.145761095560514
0.14197762523378646
0.0788038969039917
1.9429906010627747
1.2981221278508503
0.9950582087039948
1.579500412940979
1.3266842166582744
1.1424224546977453
1.0002001971006393
0.8949156734678481
0.8141026139259339
0.9066209251230414
0.8315179646015167
0.7750277610925528
0.8965360522270203
0.004846334457397461
0.004495024681091309
0.00417478879292806
0.00542604923248291
0.016866254806518554
0.049653748671213783
0.04858062948499407
0.052515894174575806
0.050522433386908636
0.045846748352050784
0.042339454997669564
0.03909371296564738
0.041664334443899304
0.04610915694917951
0.07253587245941162
0.03837770223617554
0.050872365633646645
0.0390038788318634
0.03897626399993896
0.043437023957570396
0.038225225039890835
0.23836053907871246
0.22179371780819362
0.1999925494194031
0.18224038861014627
0.525181919336319
0.49049339844630313
0.46102952105658396
0.05734527111053467
0.054457902908325195
0.037947495778401695
0.05077701807022095
0.041405344009399415
0.03626791636149088
0.03214498928615025
0.038766615092754364
0.04164190424813165
0.03787842392921448
0.04173018173737959
0.03864228228727976
0.04202347993850708
0.039268787418093
0.08207345008850098
0.06467580795288086
0.08275942007700603
0.06295070052146912
0.051036620140075685
0.6608996192614237
0.5671259846006121
0.5053692758083344
0.45000211397806805
0.41332162618637086
0.37627069516615436
0.3528917630513509
0.33104764498197115
0.3077435152871268
0.06691956520080566
0.06997203826904297
0.07870503266652425
0.06019601225852966
0.04933078289031982
0.05093530813852946
0.6169169630323138
0.5544243454933167
0.4931873745388455
0.44849119186401365
0.4157389619133689
0.3815237780412038
0.3528160590391893
0.327973016670772
0.005957603454589844
0.005443692207336426
0.004970709482828776
0.013355046510696411
0.7363018751144409
0.6489293972651163
0.8058547122137887
0.7148954123258591
0.6442156235376993
0.5806620001792908
0.5305317857048728
0.4925466974576314
0.4630376100540161
0.4302880508559091
2.2575674057006836
1.1671448945999146
0.7805912494659424
0.604163408279419
0.49991726875305176
0.4304082791010539
0.3789370059967041
0.3353215903043747
0.3057872454325358
0.2756362438201904
0.25815878131172876
0.5538261036078135
0.5149336503102229
0.5978387934820992
0.008406877517700195
0.035919249057769775
0.04921476046244303
0.045545220375061035
0.8965065956115723
0.7482266823450724
0.6611091068812779
0.5835179090499878
0.5253690216276381
0.6277511954307556
0.5760945731943304
0.5351976652940115
0.4991460946890024
0.4639644282204764
0.07009851932525635
0.03955751657485962
0.04299644629160563
0.0332159698009491
0.02744729518890381
0.023993114630381267
0.02665233612060547
0.03295047581195831
0.029610435167948406
0.032675635814666745
0.03611248189752752
0.03795480728149414
0.03579200231111967
0.033541781561715264
2.503774404525757
1.2826136350631714
0.8683460156122843
1.7469294965267181
1.413989043235779
1.17939696709315
1.0250572647367204
0.8983315378427505
0.7991001208623251
0.7196338772773743
0.6545766592025757
0.600332130988439
0.8715592439358051
0.8168281146458217
1.6367878913879395
0.8537319898605347
0.5703119436899821
0.42958980798721313
1.1061527729034424
1.5332247813542683
1.3149968896593367
1.151359349489212
1.0240711636013455
0.9325301289558411
0.8507535674355247
0.7805745601654053
0.7282723280099722
0.682088315486908
0.08138048648834229
0.0689898133277893
1.2406346400578816
0.9485544562339783
1.1260735273361206
0.945403516292572
0.8111318690436227
0.7104829698801041
0.6322429842419095
0.5742897272109986
0.6640774553472345
0.6124109029769897
0.5657513691828802
0.5300556676728385
0.09369385242462158
0.04923361539840698
0.035482207934061684
0.4764154851436615
0.3878356695175171
0.3295899232228597
0.2835273742675781
0.2487477958202362
0.6547995938195122
0.6000494003295899
0.5537737282839689
0.5132913589477539
0.47801159895383394
0.7626009583473206
0.07909643650054932
0.04151052236557007
1.0466761191685994
0.7865301072597504
0.6378566741943359
0.5323911507924398
0.4660732405526297
0.4174324721097946
0.37141361501481795
0.33737548589706423
0.3071970831264149
0.28719137112299603
0.2682726108110868
0.3641925709588187
