1.8253589868545532
2.5446946024894714
2.589525818824768
2.4487224519252777
2.232583498954773
2.196839392185211
2.031006932258606
1.9120859205722809
1.8119676113128662
2.0408777475357054
2.1882796504280786
2.400244653224945
2.2889728041795583
2.1543633554662978
0.6836554408073425
1.3918645083904266
1.1597520311673482
0.9361730664968491
0.7911696791648865
1.023591548204422
0.9020704116140094
0.8426133021712303
1.1376421650250752
1.0724262773990632
1.0046565478498286
0.9285940279563268
0.9276049228814932
0.8839837823595319
1.014317274093628
0.6496833562850952
0.4941699504852295
0.3786191940307617
0.3600808620452881
0.33921074867248535
0.6436501230512347
0.5647701621055603
0.5773109330071343
0.5428086042404174
0.4958898804404519
0.46103817224502563
0.749886861214271
0.7060265796525138
2.067918539047241
1.043723464012146
0.8922475973765055
0.7026230096817017
0.8545351982116699
0.722882866859436
0.6314241886138916
0.5579046308994293
0.5314988692601522
0.4899974226951599
0.45289452509446576
0.4273408154646556
0.5007159251433152
0.5473363144057137
0.04589271545410156
0.05330914258956909
0.052968621253967285
0.0775081217288971
0.46628968715667723
0.3930451273918152
0.3434270279748099
0.33771367371082306
0.5648595889409384
0.5341519355773926
0.48921437696977094
0.45264939467112225
1.0418664125295787
0.9747539588383266
2.426894426345825
1.2290035486221313
0.9480240742365519
0.8665343821048737
1.4339178323745727
1.2665492693583171
1.1766399656023299
1.0451655089855194
0.9489227930704752
0.870207941532135
0.841769977049394
0.7742001811663309
0.7300385786936834
0.7090282014438084
5.7443952560424805
2.8869640827178955
1.953507423400879
1.4971559345722198
1.3252407550811767
1.1824560761451721
1.0395408357892717
1.9690746068954468
1.753694428337945
1.5823529005050658
1.4417866576801648
1.324720819791158
1.2315348295065074
1.1447015489850725
0.01452016830444336
0.015866994857788086
0.46323593457539874
0.4145711362361908
0.3830575704574585
0.515441874663035
0.4477646861757551
0.40361662209033966
0.5538364383909438
0.5217721819877624
0.4753436066887595
0.43919311960538227
0.4076795669702383
0.4115301924092429
0.42899060249328613
0.24031293392181396
0.16705989837646484
0.4134749174118042
0.4821151614189148
0.40412091215451557
0.34857984100069317
0.34413712471723557
0.3195078174273173
0.29045258164405824
0.26666936549273407
0.24799311657746634
0.2685288511789762
0.2520143347127097
0.3365132808685303
0.18652820587158203
0.23519515991210938
0.24076861143112183
0.19802308082580566
0.21600715319315592
0.3597233125141689
0.31702326238155365
0.28462498717837864
0.3587877869606018
0.32926872643557464
0.30284403761227924
0.2930129307966966
0.27462763445717947
0.05150651931762695
0.2551487684249878
0.27827660242716473
0.2824452817440033
0.23766791820526123
0.3367045223712921
0.29425136532102314
0.2605074867606163
0.23558917972776625
0.2133417546749115
0.2265494465827942
0.20858207841714224
0.19329870205659133
0.1937636605330876
7.866879463195801
3.9406704902648926
2.6344540119171143
1.9783437848091125
1.5846787452697755
1.330529014269511
1.149210010256086
1.007094919681549
0.8959160645802816
0.8074211120605469
0.7433519796891646
0.6821877956390381
0.7180867103429941
0.6677326900618417
0.14041388034820557
0.07398957014083862
0.053317904472351074
0.04319062829017639
0.036995100975036624
0.05301461617151896
0.04708789076123919
0.044334784150123596
0.045536663797166615
0.04510043859481812
0.04229535839774392
0.03949396808942159
0.04183823328751784
0.0394405722618103
0.05102872848510742
0.07062339782714844
1.7759404182434082
1.334106206893921
1.1119751691818238
0.9284115433692932
0.7966186148779733
0.7079493254423141
0.6423945559395684
0.5884578347206115
0.6904765584252097
0.6334855854511261
0.5908700227737427
0.5494807532855442
3.9883060455322266
1.9978578090667725
1.3595596154530842
1.488145500421524
1.1925714254379272
0.9958112835884094
0.8546068838664463
0.7634100466966629
0.6797792514165243
0.6128194212913514
0.5703885988755659
0.5288253227869669
0.49756325208223784
0.5694403392927987
0.0054929256439208984
0.03904139995574951
0.05245741208394369
0.06441181898117065
0.9475040912628174
1.0797080397605896
0.9396499735968453
0.8365226835012436
0.7518399424023099
0.684185016155243
0.7580544406717474
0.7001732885837555
0.6471163584635808
0.6084164381027222
0.1065676212310791
0.08991527557373047
0.08788601557413737
0.09485968947410583
0.09023973941802979
0.0762915809949239
0.06766797815050397
0.07295523583889008
0.07444443967607287
0.06752833127975463
0.4428662278435447
0.4382415811220805
0.41102972397437465
0.3832240274974278
0.014417886734008789
0.04610919952392578
0.04793302218119303
0.037277281284332275
0.05185480117797851
0.054540117581685386
0.04876773697989328
0.05074647068977356
0.04610755708482531
0.05531892776489258
0.050957593050870026
0.05496578415234884
0.06354107306553768
0.06519807236535209
0.09931492805480957
0.8006267547607422
0.537151575088501
0.40471625328063965
0.33556604385375977
0.2931949694951375
0.27372751917157856
0.25285521149635315
0.22550233205159506
0.2102736711502075
0.341409217227589
0.31998292605082196
0.3144000493563138
0.30189452852521625
0.008393049240112305
0.012528777122497559
0.6583162546157837
0.5176655948162079
0.42815115451812746
0.38741592566172284
0.9696616104670933
0.8545281887054443
0.7663391431172689
0.690344762802124
0.6353622783314098
0.5905898809432983
0.8681442920978253
0.9117640682629177
0.10494029521942139
0.057462871074676514
0.04144624869028727
0.03374859690666199
0.05445187091827393
0.054632484912872314
0.0691122327532087
0.06137681007385254
0.06112824545966254
0.06504586935043336
0.45158744942058215
0.4180455307165782
0.3929106363883385
0.37141707113810946
0.0068700313568115234
0.008632063865661621
0.009897867838541666
0.02745598554611206
0.023298120498657225
0.021163264910380047
0.019675867898123606
0.030672356486320496
0.028123339017232258
0.026681077480316163
0.030819578604264694
0.03408301870028178
0.032018028772794284
0.04129442998341152
0.008872270584106445
0.0328822135925293
0.023511727650960285
0.019465863704681396
0.0400597095489502
0.034280975659688316
0.030161040169852122
0.2442408800125122
0.230187283621894
0.22347408533096313
0.20380972732197156
0.19896628459294638
0.18420191911550668
0.17196226119995117
0.006736040115356445
0.008172154426574707
0.009039799372355143
0.0374390184879303
0.3326895713806152
0.28353452682495117
0.2549631255013602
0.22561004757881165
0.20930932627783883
0.18907018899917602
0.1803863373669711
0.17464499672253928
0.16175989921276385
0.15602535009384155
0.0459136962890625
0.026489853858947754
0.02062225341796875
0.038626670837402344
0.033292293548583984
0.04337763786315918
0.03946011407034738
0.043868839740753174
0.03980628649393717
0.0364457368850708
0.037883216684514824
0.03530687093734741
0.03957979495708759
0.04280698299407959
